8 	8 	8 	8 	8 	8 	8 	8 	8 	8 	8 	8 	8 	4 	4 	4 	4 	5 	5 	5 	5 	5 	5 	5 	3 	7 	7 	7 	7 	6 	6 	6 	6 	6 	6 	6 	6 	6 	2 	2 	2 	1 	1 	1 	1 	1 	1 	3 	3 	1 	1 	1 	1 	
4 	4 	4 	4 	4 	4 	4 	4 	8 	8 	8 	8 	8 	8 	8 	4 	4 	4 	4 	5 	5 	5 	5 	5 	5 	5 	5 	5 	3 	3 	7 	7 	7 	7 	6 	6 	6 	6 	6 	6 	6 	6 	6 	2 	2 	2 	2 	2 	2 	2 	2 	2 	1 	1 	1 	1 	2 	2 	2 	2 	2 	
4 	4 	4 	4 	4 	4 	4 	4 	4 	4 	4 	8 	8 	8 	8 	8 	8 	8 	8 	8 	8 	8 	8 	4 	4 	4 	4 	4 	4 	4 	5 	5 	5 	5 	5 	5 	5 	5 	5 	5 	5 	5 	5 	5 	5 	3 	3 	3 	7 	7 	7 	7 	7 	6 	6 	6 	6 	6 	6 	6 	6 	6 	6 	6 	6 	6 	6 	2 	2 	2 	2 	2 	2 	2 	2 	2 	2 	2 	2 	2 	1 	1 	1 	1 	1 	1 	1 	1 	1 	1 	1 	1 	1 	2 	2 	2 	2 	2 	
5 	5 	5 	4 	4 	8 	8 	8 	8 	8 	8 	8 	4 	4 	4 	5 	5 	5 	5 	3 	3 	3 	3 	7 	7 	6 	6 	6 	6 	6 	6 	6 	6 	2 	2 	2 	2 	2 	1 	1 	1 	1 	1 	1 	1 	2 	
4 	4 	4 	4 	4 	4 	4 	4 	4 	4 	4 	4 	8 	8 	8 	8 	8 	8 	8 	8 	8 	8 	4 	4 	4 	4 	5 	5 	5 	5 	5 	5 	5 	5 	5 	5 	5 	3 	3 	3 	3 	7 	7 	7 	7 	6 	6 	6 	6 	6 	6 	6 	6 	6 	6 	6 	6 	6 	2 	2 	2 	2 	2 	2 	2 	2 	2 	2 	1 	1 	1 	1 	1 	1 	2 	2 	2 	
4 	4 	4 	4 	4 	4 	4 	4 	7 	7 	7 	7 	7 	7 	4 	4 	4 	4 	4 	5 	5 	5 	5 	5 	5 	5 	5 	3 	3 	7 	7 	7 	7 	6 	6 	6 	6 	8 	8 	6 	6 	6 	6 	6 	2 	2 	2 	2 	2 	2 	2 	2 	2 	2 	2 	2 	
8 	8 	8 	8 	8 	4 	5 	5 	3 	7 	6 	6 	6 	6 	2 	1 	1 	3 	1 	2 	2 	
4 	8 	8 	8 	8 	8 	8 	8 	8 	8 	8 	8 	8 	8 	8 	8 	8 	8 	8 	4 	4 	4 	4 	4 	4 	4 	4 	5 	5 	5 	5 	5 	5 	5 	5 	5 	5 	5 	5 	5 	5 	3 	3 	3 	3 	3 	3 	3 	7 	7 	7 	7 	7 	7 	7 	7 	6 	6 	6 	6 	6 	6 	6 	6 	6 	6 	6 	6 	6 	6 	6 	6 	6 	6 	6 	6 	6 	6 	6 	2 	2 	2 	2 	2 	2 	2 	2 	2 	1 	1 	1 	1 	1 	1 	3 	3 	3 	3 	3 	3 	3 	3 	3 	3 	3 	1 	1 	1 	1 	2 	2 	2 	2 	2 	2 	2 	2 	2 	
4 	8 	8 	4 	5 	5 	3 	7 	7 	6 	8 	6 	6 	2 	1 	1 	3 	7 	2 	2 	2 	
8 	8 	8 	4 	4 	8 	8 	8 	8 	8 	8 	8 	8 	8 	8 	8 	8 	8 	8 	8 	8 	8 	8 	8 	4 	4 	4 	4 	4 	4 	4 	5 	5 	5 	5 	5 	5 	5 	5 	5 	5 	5 	5 	3 	3 	3 	3 	3 	7 	7 	7 	7 	7 	7 	6 	6 	6 	6 	6 	6 	6 	6 	2 	2 	2 	2 	2 	2 	2 	2 	2 	2 	2 	1 	1 	1 	1 	1 	1 	1 	1 	1 	1 	1 	1 	1 	1 	1 	1 	1 	
4 	4 	4 	4 	4 	4 	4 	4 	8 	8 	8 	8 	8 	8 	8 	8 	8 	8 	4 	4 	4 	4 	4 	5 	5 	5 	5 	5 	5 	5 	5 	5 	3 	3 	3 	3 	7 	7 	7 	6 	6 	6 	6 	6 	6 	6 	6 	6 	6 	6 	6 	6 	6 	2 	2 	2 	2 	2 	2 	2 	2 	2 	1 	1 	1 	1 	1 	1 	1 	1 	1 	1 	1 	1 	1 	1 	
4 	4 	4 	4 	4 	4 	4 	8 	8 	8 	8 	8 	8 	8 	8 	8 	8 	8 	8 	4 	4 	4 	5 	5 	5 	5 	5 	5 	5 	3 	3 	7 	7 	7 	7 	7 	6 	6 	6 	6 	6 	6 	6 	6 	6 	2 	2 	2 	2 	2 	2 	2 	1 	1 	1 	1 	1 	1 	1 	1 	1 	1 	1 	1 	
4 	4 	4 	4 	4 	8 	8 	8 	8 	8 	8 	8 	8 	8 	8 	8 	8 	8 	8 	8 	8 	8 	4 	4 	4 	4 	5 	5 	5 	5 	5 	5 	5 	5 	3 	3 	3 	3 	7 	7 	7 	6 	6 	6 	6 	6 	6 	6 	6 	6 	6 	6 	2 	2 	2 	2 	2 	2 	1 	1 	1 	1 	1 	1 	3 	3 	3 	3 	3 	1 	1 	1 	1 	
4 	4 	4 	4 	4 	4 	4 	4 	8 	8 	8 	8 	8 	8 	8 	8 	4 	4 	4 	4 	4 	5 	5 	5 	5 	5 	5 	5 	5 	3 	3 	3 	3 	7 	7 	7 	6 	6 	6 	6 	6 	6 	6 	6 	6 	6 	6 	6 	2 	2 	2 	2 	2 	2 	2 	2 	2 	1 	1 	1 	1 	1 	1 	1 	1 	1 	2 	2 	2 	
4 	4 	4 	4 	4 	8 	8 	8 	8 	8 	8 	8 	8 	4 	4 	5 	5 	5 	5 	5 	5 	3 	3 	7 	7 	6 	6 	6 	6 	6 	6 	6 	6 	2 	2 	2 	2 	2 	2 	1 	1 	1 	1 	1 	1 	1 	1 	1 	
4 	4 	4 	4 	4 	8 	8 	8 	4 	4 	4 	5 	5 	5 	5 	3 	7 	7 	6 	6 	6 	6 	6 	6 	6 	2 	2 	2 	2 	1 	1 	1 	3 	1 	1 	2 	2 	
4 	4 	4 	4 	4 	4 	8 	8 	8 	8 	8 	8 	8 	4 	5 	5 	5 	5 	3 	3 	7 	7 	6 	6 	6 	6 	6 	2 	2 	2 	2 	1 	1 	1 	1 	1 	1 	1 	1 	
4 	4 	4 	4 	4 	4 	4 	4 	8 	8 	8 	8 	8 	8 	4 	4 	4 	5 	5 	5 	5 	5 	5 	5 	3 	3 	3 	7 	7 	6 	6 	6 	6 	6 	6 	6 	6 	6 	6 	2 	2 	2 	2 	2 	2 	2 	1 	1 	1 	1 	1 	1 	1 	1 	1 	1 	2 	
4 	4 	4 	4 	4 	8 	8 	8 	8 	8 	8 	8 	4 	4 	4 	4 	5 	5 	5 	5 	5 	3 	3 	7 	7 	6 	6 	6 	6 	6 	6 	6 	6 	6 	2 	2 	2 	2 	2 	1 	1 	1 	1 	3 	3 	3 	1 	1 	1 	
4 	4 	4 	4 	4 	4 	4 	4 	8 	8 	8 	8 	8 	8 	8 	4 	4 	4 	5 	5 	5 	5 	5 	3 	3 	3 	3 	3 	7 	7 	6 	6 	6 	6 	6 	6 	6 	6 	2 	2 	2 	2 	1 	1 	1 	1 	1 	1 	1 	2 	2 	2 	
4 	4 	4 	4 	4 	4 	4 	4 	4 	8 	8 	8 	8 	8 	8 	8 	8 	8 	8 	4 	4 	4 	4 	4 	5 	5 	5 	5 	5 	5 	5 	5 	5 	5 	5 	5 	3 	3 	3 	7 	7 	7 	7 	7 	7 	7 	6 	6 	6 	6 	6 	6 	6 	6 	2 	2 	2 	2 	2 	2 	2 	2 	2 	2 	2 	2 	1 	1 	1 	1 	1 	1 	1 	1 	1 	2 	2 	
4 	4 	4 	4 	4 	4 	8 	8 	8 	8 	8 	8 	4 	4 	4 	5 	5 	5 	5 	5 	5 	3 	3 	3 	3 	7 	7 	6 	6 	6 	6 	6 	6 	6 	6 	6 	2 	2 	2 	2 	2 	1 	1 	1 	1 	1 	1 	1 	1 	1 	
4 	4 	4 	4 	4 	4 	4 	4 	7 	7 	8 	8 	8 	8 	8 	8 	8 	8 	8 	8 	8 	8 	8 	8 	4 	4 	4 	4 	4 	4 	4 	4 	4 	5 	5 	5 	5 	5 	5 	5 	5 	5 	5 	5 	5 	5 	5 	3 	3 	3 	3 	3 	3 	3 	7 	7 	7 	7 	7 	6 	6 	6 	6 	6 	6 	6 	6 	6 	6 	6 	6 	6 	2 	2 	2 	2 	2 	2 	2 	2 	2 	2 	2 	1 	1 	1 	1 	1 	1 	1 	1 	1 	1 	1 	1 	2 	2 	2 	2 	2 	2 	
4 	4 	4 	4 	4 	4 	4 	8 	8 	8 	8 	8 	8 	8 	8 	8 	8 	4 	4 	4 	4 	4 	4 	4 	4 	4 	5 	5 	5 	5 	5 	5 	5 	5 	5 	5 	5 	5 	5 	5 	5 	5 	3 	3 	3 	3 	3 	3 	7 	7 	7 	7 	7 	7 	7 	7 	7 	7 	6 	6 	6 	6 	6 	6 	6 	6 	6 	6 	6 	6 	6 	6 	6 	2 	2 	2 	2 	2 	2 	2 	2 	2 	2 	2 	2 	2 	2 	1 	1 	1 	1 	1 	1 	1 	1 	1 	2 	2 	2 	2 	2 	2 	
4 	4 	8 	8 	8 	4 	4 	5 	5 	5 	3 	7 	6 	6 	6 	6 	6 	2 	2 	1 	1 	1 	3 	1 	2 	2 	
8 	8 	4 	4 	4 	4 	4 	4 	8 	8 	8 	8 	8 	8 	8 	8 	8 	8 	8 	8 	8 	8 	8 	8 	8 	8 	8 	8 	8 	8 	8 	8 	4 	4 	4 	4 	4 	4 	4 	4 	5 	5 	5 	5 	5 	5 	5 	5 	5 	5 	5 	5 	5 	5 	3 	3 	3 	3 	3 	3 	3 	3 	7 	7 	7 	7 	7 	7 	7 	7 	7 	7 	7 	6 	6 	6 	6 	6 	6 	6 	6 	2 	2 	2 	2 	2 	2 	2 	2 	2 	1 	1 	1 	1 	1 	1 	1 	1 	1 	1 	1 	2 	2 	2 	2 	2 	2 	2 	
4 	4 	4 	4 	4 	8 	8 	8 	8 	8 	8 	8 	8 	8 	8 	8 	8 	8 	8 	4 	4 	4 	4 	4 	4 	4 	4 	4 	4 	5 	5 	5 	5 	5 	5 	5 	5 	5 	5 	5 	5 	5 	5 	3 	3 	3 	3 	3 	7 	7 	7 	7 	7 	7 	7 	6 	6 	6 	6 	6 	6 	6 	6 	6 	6 	6 	6 	6 	6 	6 	2 	2 	2 	2 	2 	2 	2 	2 	2 	1 	1 	1 	1 	1 	1 	1 	1 	1 	1 	1 	2 	2 	2 	2 	2 	2 	2 	
4 	4 	4 	4 	8 	8 	8 	8 	8 	8 	8 	8 	8 	8 	8 	8 	8 	8 	8 	8 	8 	4 	4 	4 	4 	4 	4 	4 	4 	4 	5 	5 	5 	5 	5 	5 	5 	5 	5 	5 	5 	3 	3 	3 	3 	7 	7 	7 	7 	6 	6 	6 	6 	6 	6 	6 	6 	6 	6 	6 	2 	2 	2 	2 	2 	2 	1 	1 	1 	1 	1 	1 	1 	1 	2 	2 	2 	2 	2 	2 	2 	2 	
8 	8 	8 	8 	8 	8 	8 	8 	8 	4 	4 	4 	4 	4 	4 	4 	4 	4 	7 	7 	8 	8 	8 	8 	8 	8 	8 	8 	8 	8 	8 	8 	4 	4 	4 	4 	5 	5 	5 	5 	5 	5 	5 	5 	5 	5 	3 	3 	3 	3 	7 	7 	7 	7 	7 	6 	6 	6 	6 	6 	6 	6 	6 	6 	2 	2 	2 	2 	2 	2 	2 	2 	2 	1 	1 	1 	1 	1 	1 	1 	1 	1 	2 	2 	2 	2 	2 	2 	
4 	4 	4 	4 	4 	4 	8 	8 	8 	8 	8 	8 	8 	8 	8 	8 	8 	4 	4 	4 	5 	5 	5 	5 	5 	5 	5 	5 	5 	5 	3 	3 	7 	7 	7 	7 	6 	6 	6 	6 	6 	6 	6 	6 	6 	6 	6 	2 	2 	2 	2 	2 	2 	2 	2 	1 	1 	1 	1 	1 	1 	1 	2 	2 	2 	2 	2 	2 	
4 	4 	4 	4 	4 	4 	4 	8 	8 	8 	8 	8 	8 	8 	4 	4 	4 	4 	5 	5 	5 	5 	5 	5 	5 	5 	3 	3 	7 	7 	6 	6 	6 	6 	6 	6 	6 	6 	6 	6 	6 	6 	2 	2 	2 	2 	2 	2 	1 	1 	1 	1 	1 	1 	1 	1 	1 	1 	1 	2 	2 	2 	2 	
4 	4 	4 	4 	4 	4 	4 	8 	8 	8 	8 	8 	8 	8 	4 	4 	4 	4 	4 	5 	5 	5 	5 	5 	5 	5 	3 	3 	3 	7 	7 	6 	6 	6 	6 	6 	6 	6 	6 	6 	6 	6 	6 	6 	6 	6 	2 	2 	2 	2 	2 	1 	1 	1 	1 	1 	1 	1 	1 	1 	1 	1 	1 	2 	2 	
8 	8 	8 	8 	8 	8 	8 	8 	8 	8 	8 	8 	8 	4 	4 	5 	5 	5 	5 	3 	7 	7 	7 	6 	6 	6 	6 	6 	6 	2 	2 	1 	1 	1 	1 	1 	1 	1 	1 	2 	
4 	4 	4 	4 	4 	4 	4 	8 	8 	8 	8 	8 	8 	8 	8 	4 	4 	4 	5 	5 	5 	5 	5 	5 	5 	5 	3 	7 	7 	7 	6 	6 	6 	6 	6 	6 	6 	6 	6 	6 	6 	6 	2 	2 	2 	2 	2 	1 	1 	1 	1 	1 	1 	1 	1 	1 	1 	1 	2 	2 	
4 	4 	4 	4 	4 	4 	4 	4 	4 	8 	8 	8 	8 	8 	8 	8 	8 	8 	4 	4 	4 	4 	5 	5 	5 	5 	5 	5 	5 	5 	5 	3 	3 	3 	3 	7 	7 	6 	6 	6 	6 	6 	6 	6 	6 	6 	6 	6 	6 	6 	6 	6 	6 	6 	6 	2 	2 	2 	2 	2 	1 	1 	1 	1 	1 	1 	1 	1 	1 	1 	1 	1 	2 	2 	
4 	4 	4 	4 	4 	4 	4 	7 	7 	7 	8 	8 	8 	8 	8 	8 	8 	4 	4 	4 	4 	4 	5 	5 	5 	5 	5 	5 	5 	5 	5 	3 	3 	3 	7 	7 	7 	6 	6 	6 	6 	6 	6 	6 	6 	6 	6 	6 	2 	2 	2 	2 	2 	2 	2 	2 	1 	1 	1 	1 	1 	1 	1 	1 	2 	2 	
8 	8 	8 	8 	8 	8 	8 	8 	8 	8 	8 	8 	8 	6 	6 	6 	8 	8 	8 	8 	8 	8 	8 	8 	8 	4 	4 	4 	4 	4 	4 	5 	5 	5 	5 	5 	5 	5 	5 	5 	5 	5 	3 	3 	3 	3 	3 	3 	3 	3 	7 	7 	7 	7 	6 	6 	6 	6 	6 	6 	6 	6 	6 	6 	6 	2 	2 	2 	2 	2 	2 	2 	2 	1 	1 	1 	1 	1 	1 	1 	2 	2 	2 	
4 	4 	4 	4 	4 	4 	4 	4 	7 	7 	7 	7 	7 	8 	8 	4 	4 	4 	4 	4 	4 	4 	4 	4 	4 	5 	5 	5 	5 	5 	5 	5 	5 	5 	5 	3 	3 	3 	3 	3 	3 	3 	3 	3 	7 	7 	7 	6 	6 	6 	6 	6 	6 	6 	6 	6 	6 	6 	6 	2 	2 	2 	2 	2 	2 	2 	2 	2 	2 	2 	2 	2 	2 	2 	2 	2 	2 	2 	
8 	8 	8 	8 	8 	8 	8 	8 	8 	8 	8 	8 	8 	4 	4 	4 	4 	5 	5 	5 	5 	5 	5 	5 	5 	5 	3 	3 	3 	7 	7 	7 	7 	6 	6 	6 	6 	6 	6 	6 	6 	6 	2 	2 	2 	2 	2 	2 	1 	1 	1 	1 	1 	2 	2 	2 	
4 	8 	8 	8 	4 	4 	4 	4 	4 	4 	8 	8 	8 	8 	8 	8 	8 	8 	8 	8 	4 	4 	4 	4 	5 	5 	5 	5 	5 	5 	5 	5 	5 	5 	5 	3 	3 	3 	7 	7 	7 	6 	6 	6 	6 	6 	6 	6 	6 	6 	6 	6 	6 	6 	2 	2 	2 	2 	2 	2 	2 	2 	2 	1 	1 	1 	1 	1 	2 	2 	2 	2 	
4 	4 	8 	8 	8 	8 	8 	8 	8 	8 	8 	8 	8 	8 	8 	8 	8 	8 	8 	4 	4 	4 	5 	5 	5 	5 	5 	5 	5 	3 	3 	3 	7 	7 	6 	6 	6 	6 	6 	6 	6 	6 	2 	2 	2 	2 	2 	1 	1 	1 	1 	1 	1 	1 	1 	1 	2 	
4 	4 	4 	4 	4 	4 	4 	8 	8 	8 	4 	4 	4 	5 	5 	5 	5 	5 	3 	3 	7 	7 	6 	6 	6 	6 	6 	6 	6 	2 	2 	2 	2 	2 	1 	1 	1 	1 	2 	2 	2 	2 	
4 	4 	4 	4 	4 	4 	8 	8 	8 	8 	8 	4 	4 	4 	5 	5 	5 	5 	5 	5 	3 	3 	7 	7 	7 	6 	6 	6 	6 	6 	6 	6 	2 	2 	2 	2 	2 	1 	1 	1 	1 	1 	1 	2 	2 	
8 	8 	4 	4 	4 	4 	4 	4 	4 	8 	8 	8 	8 	8 	8 	8 	8 	8 	4 	4 	5 	5 	5 	5 	5 	5 	5 	5 	3 	3 	3 	7 	7 	7 	6 	6 	6 	6 	6 	2 	2 	2 	2 	2 	2 	1 	1 	1 	1 	1 	1 	1 	1 	2 	
4 	4 	4 	4 	4 	4 	8 	8 	8 	8 	8 	8 	8 	4 	4 	4 	5 	5 	5 	5 	5 	3 	3 	7 	7 	6 	6 	6 	6 	6 	6 	6 	2 	2 	2 	2 	1 	1 	1 	1 	1 	1 	1 	1 	2 	
4 	4 	4 	4 	4 	7 	8 	8 	8 	8 	8 	8 	8 	8 	8 	4 	4 	5 	5 	5 	5 	5 	5 	3 	3 	3 	7 	7 	6 	6 	6 	6 	6 	2 	2 	2 	2 	2 	2 	1 	1 	1 	1 	1 	1 	1 	1 	
4 	4 	4 	4 	4 	4 	4 	4 	7 	8 	8 	8 	8 	8 	8 	8 	4 	4 	5 	5 	5 	5 	5 	3 	3 	3 	7 	7 	7 	6 	6 	2 	2 	2 	2 	2 	2 	2 	1 	1 	1 	1 	1 	1 	1 	2 	
4 	4 	4 	4 	4 	8 	8 	8 	8 	8 	8 	8 	8 	4 	4 	5 	5 	5 	5 	5 	3 	3 	7 	7 	7 	6 	6 	6 	6 	6 	2 	2 	2 	1 	1 	1 	1 	1 	1 	1 	1 	
4 	4 	4 	4 	4 	8 	8 	8 	8 	8 	8 	4 	4 	4 	5 	5 	5 	5 	5 	3 	3 	3 	3 	7 	7 	7 	7 	6 	6 	6 	6 	2 	2 	2 	2 	2 	2 	1 	1 	1 	1 	1 	2 	2 	2 	
4 	4 	4 	4 	4 	4 	4 	4 	4 	8 	8 	8 	8 	8 	8 	8 	8 	4 	4 	5 	5 	5 	5 	5 	5 	5 	5 	3 	7 	7 	7 	7 	6 	6 	6 	6 	6 	6 	2 	2 	2 	2 	2 	2 	2 	1 	1 	1 	1 	1 	1 	2 	2 	2 	
4 	4 	4 	4 	8 	8 	8 	8 	4 	5 	5 	5 	5 	3 	7 	7 	6 	6 	6 	2 	2 	2 	1 	1 	1 	1 	1 	2 	
4 	4 	4 	4 	4 	8 	8 	8 	4 	4 	4 	5 	5 	5 	5 	3 	3 	7 	7 	6 	6 	6 	6 	6 	2 	2 	1 	1 	1 	1 	1 	2 	2 	2 	2 	
8 	8 	8 	8 	8 	8 	8 	8 	8 	8 	8 	8 	8 	8 	8 	8 	4 	4 	4 	4 	5 	5 	5 	5 	5 	5 	5 	5 	3 	3 	7 	7 	7 	7 	7 	6 	6 	6 	6 	6 	6 	2 	2 	2 	2 	2 	2 	2 	2 	2 	1 	1 	1 	1 	3 	3 	3 	3 	1 	1 	1 	1 	1 	1 	
4 	4 	4 	4 	8 	8 	8 	8 	8 	8 	8 	8 	8 	8 	8 	8 	8 	8 	4 	4 	4 	4 	4 	4 	4 	5 	5 	5 	5 	5 	5 	5 	5 	5 	5 	5 	5 	5 	5 	5 	5 	3 	3 	3 	7 	7 	7 	7 	7 	7 	7 	6 	6 	6 	6 	6 	6 	6 	6 	6 	6 	6 	6 	6 	6 	6 	6 	2 	2 	2 	2 	2 	2 	2 	2 	2 	2 	2 	2 	1 	1 	1 	1 	1 	1 	1 	1 	1 	1 	1 	1 	1 	1 	1 	1 	1 	1 	1 	2 	2 	2 	2 	2 	
8 	8 	8 	8 	8 	8 	8 	8 	8 	8 	8 	8 	8 	8 	4 	4 	5 	5 	5 	5 	5 	3 	3 	3 	3 	7 	7 	6 	6 	6 	6 	6 	6 	6 	6 	6 	6 	6 	2 	2 	1 	1 	1 	1 	1 	1 	1 	1 	1 	1 	2 	2 	2 	
4 	4 	4 	4 	4 	4 	4 	4 	4 	4 	7 	7 	7 	8 	8 	8 	8 	8 	8 	8 	8 	4 	4 	4 	4 	4 	4 	4 	4 	4 	4 	5 	5 	5 	5 	5 	5 	5 	5 	5 	5 	5 	5 	3 	3 	3 	3 	3 	7 	7 	7 	7 	7 	7 	6 	6 	6 	6 	6 	6 	6 	6 	6 	6 	2 	2 	2 	2 	2 	2 	2 	2 	2 	2 	2 	2 	2 	2 	2 	2 	2 	2 	2 	2 	2 	
4 	4 	4 	4 	8 	8 	8 	8 	8 	8 	8 	8 	8 	8 	8 	8 	8 	4 	4 	4 	4 	5 	5 	5 	5 	5 	5 	3 	3 	7 	7 	7 	7 	7 	6 	6 	6 	6 	6 	2 	2 	2 	2 	2 	2 	2 	1 	1 	1 	1 	3 	3 	3 	1 	1 	1 	
4 	4 	4 	4 	4 	4 	8 	8 	8 	8 	8 	8 	8 	8 	8 	8 	8 	8 	8 	8 	8 	8 	4 	4 	4 	4 	5 	5 	5 	5 	5 	5 	5 	5 	5 	5 	5 	3 	3 	3 	3 	7 	7 	7 	7 	6 	6 	6 	6 	6 	6 	6 	6 	6 	2 	2 	2 	2 	2 	2 	2 	2 	2 	1 	1 	1 	1 	1 	1 	1 	1 	1 	1 	1 	2 	2 	2 	
4 	4 	4 	4 	4 	4 	4 	4 	8 	8 	8 	8 	8 	8 	8 	8 	8 	4 	4 	4 	4 	4 	5 	5 	5 	5 	5 	5 	5 	5 	3 	3 	3 	7 	7 	7 	6 	6 	6 	6 	6 	6 	6 	6 	6 	6 	6 	2 	2 	2 	2 	2 	2 	2 	2 	2 	1 	1 	1 	1 	1 	1 	1 	1 	1 	1 	2 	2 	
4 	4 	4 	4 	4 	4 	4 	4 	8 	8 	8 	8 	8 	8 	8 	8 	4 	4 	4 	4 	4 	5 	5 	5 	5 	5 	5 	5 	5 	5 	3 	3 	3 	3 	7 	7 	7 	6 	6 	6 	6 	6 	6 	6 	6 	6 	6 	2 	2 	2 	2 	2 	2 	2 	2 	2 	1 	1 	1 	1 	1 	1 	1 	1 	1 	1 	2 	2 	2 	2 	
4 	4 	4 	4 	4 	8 	8 	8 	8 	8 	8 	8 	4 	4 	5 	5 	5 	5 	5 	5 	5 	3 	3 	7 	7 	6 	6 	6 	6 	6 	6 	6 	6 	2 	2 	2 	2 	2 	2 	1 	1 	1 	1 	1 	1 	1 	1 	1 	2 	2 	2 	
4 	4 	4 	4 	4 	8 	8 	8 	8 	8 	8 	4 	4 	4 	5 	5 	5 	5 	5 	5 	5 	5 	3 	7 	7 	7 	7 	6 	6 	6 	6 	6 	6 	6 	6 	2 	2 	2 	2 	2 	2 	2 	2 	1 	1 	1 	1 	1 	1 	1 	1 	2 	2 	2 	2 	
4 	4 	4 	4 	4 	4 	4 	8 	8 	8 	8 	8 	8 	8 	8 	8 	8 	8 	8 	8 	4 	4 	4 	4 	4 	5 	5 	5 	5 	5 	5 	5 	5 	5 	5 	5 	3 	3 	3 	3 	7 	7 	6 	6 	6 	6 	6 	6 	6 	6 	6 	2 	2 	2 	2 	2 	2 	2 	2 	2 	2 	1 	1 	1 	1 	1 	1 	1 	1 	1 	2 	2 	
4 	4 	4 	8 	8 	8 	8 	8 	8 	8 	8 	8 	4 	4 	4 	4 	5 	5 	5 	5 	5 	5 	5 	5 	5 	5 	3 	3 	7 	7 	7 	7 	6 	6 	6 	6 	6 	6 	6 	6 	6 	2 	2 	2 	2 	2 	2 	2 	2 	2 	2 	1 	1 	1 	1 	1 	1 	1 	1 	1 	2 	2 	2 	2 	
4 	4 	4 	4 	4 	4 	4 	4 	8 	8 	8 	8 	8 	8 	8 	8 	4 	4 	4 	4 	4 	5 	5 	5 	5 	5 	5 	5 	5 	5 	3 	3 	7 	7 	7 	6 	6 	6 	6 	6 	6 	6 	6 	6 	6 	2 	2 	2 	2 	2 	2 	2 	2 	2 	1 	1 	1 	1 	1 	1 	1 	1 	1 	1 	1 	2 	2 	2 	2 	
4 	4 	4 	4 	4 	4 	4 	8 	8 	8 	8 	8 	8 	8 	8 	8 	4 	4 	4 	4 	4 	5 	5 	5 	5 	5 	5 	5 	5 	3 	3 	3 	7 	7 	7 	6 	6 	6 	6 	6 	6 	6 	6 	6 	6 	2 	2 	2 	2 	2 	2 	2 	2 	2 	1 	1 	1 	1 	1 	1 	1 	1 	1 	2 	2 	2 	2 	
4 	4 	4 	4 	4 	4 	4 	8 	8 	8 	8 	8 	8 	8 	8 	8 	8 	4 	4 	4 	4 	5 	5 	5 	5 	5 	5 	5 	5 	5 	5 	3 	3 	7 	7 	7 	7 	6 	6 	6 	6 	6 	6 	6 	6 	6 	6 	6 	6 	2 	2 	2 	2 	2 	2 	2 	2 	1 	1 	1 	1 	1 	1 	1 	1 	1 	1 	1 	2 	2 	2 	2 	
4 	4 	4 	4 	4 	4 	4 	4 	8 	8 	8 	8 	8 	8 	8 	8 	8 	8 	8 	8 	4 	4 	4 	4 	5 	5 	5 	5 	5 	5 	5 	5 	5 	5 	3 	3 	3 	3 	3 	7 	7 	6 	6 	6 	6 	6 	6 	6 	6 	6 	6 	6 	2 	2 	2 	2 	2 	2 	2 	2 	2 	1 	1 	1 	1 	1 	1 	1 	1 	1 	1 	1 	1 	2 	2 	2 	2 	
4 	4 	4 	4 	4 	4 	4 	8 	8 	8 	8 	8 	8 	8 	4 	4 	4 	4 	5 	5 	5 	5 	5 	5 	5 	5 	3 	3 	7 	7 	7 	6 	6 	6 	6 	6 	6 	6 	6 	2 	2 	2 	2 	2 	2 	2 	1 	1 	1 	1 	1 	1 	1 	1 	1 	1 	2 	2 	2 	2 	
