6 	6 	6 	6 	6 	6 	6 	6 	6 	6 	6 	6 	6 	7 	7 	7 	7 	4 	4 	4 	4 	4 	4 	4 	8 	8 	8 	8 	8 	3 	3 	3 	3 	3 	3 	3 	3 	3 	1 	1 	1 	5 	5 	5 	5 	5 	5 	2 	2 	5 	5 	5 	5 	
7 	7 	7 	7 	7 	7 	7 	7 	6 	6 	6 	6 	6 	6 	6 	7 	7 	7 	7 	4 	4 	4 	4 	4 	4 	4 	4 	4 	2 	2 	8 	8 	8 	8 	3 	3 	3 	3 	3 	3 	3 	3 	3 	1 	1 	1 	1 	1 	1 	1 	1 	1 	5 	5 	5 	5 	1 	1 	1 	1 	1 	
7 	7 	7 	7 	7 	7 	7 	7 	7 	7 	7 	6 	6 	6 	6 	6 	6 	6 	6 	6 	6 	6 	6 	7 	7 	7 	7 	7 	7 	7 	4 	4 	4 	4 	4 	4 	4 	4 	4 	4 	4 	4 	4 	4 	4 	2 	2 	2 	8 	8 	8 	8 	8 	3 	3 	3 	3 	3 	3 	3 	3 	3 	3 	3 	3 	3 	3 	1 	1 	1 	1 	1 	1 	1 	1 	1 	1 	1 	1 	1 	5 	5 	5 	5 	5 	5 	5 	5 	5 	5 	5 	5 	5 	1 	1 	1 	1 	1 	
4 	4 	4 	7 	7 	6 	6 	6 	6 	6 	6 	6 	7 	7 	7 	4 	4 	4 	4 	2 	2 	2 	2 	8 	8 	3 	3 	3 	3 	3 	3 	3 	3 	1 	1 	1 	1 	1 	5 	5 	5 	5 	5 	5 	5 	1 	
7 	7 	7 	7 	7 	7 	7 	7 	7 	7 	7 	7 	6 	6 	6 	6 	6 	6 	6 	6 	6 	6 	7 	7 	7 	7 	4 	4 	4 	4 	4 	4 	4 	4 	4 	4 	4 	2 	2 	2 	2 	8 	8 	8 	8 	3 	3 	3 	3 	3 	3 	3 	3 	3 	3 	3 	3 	3 	1 	1 	1 	1 	1 	1 	1 	1 	1 	1 	5 	5 	5 	5 	5 	5 	1 	1 	1 	
7 	7 	7 	7 	7 	7 	7 	7 	8 	8 	8 	8 	8 	8 	7 	7 	7 	7 	7 	4 	4 	4 	4 	4 	4 	4 	4 	2 	2 	8 	8 	8 	8 	3 	3 	3 	3 	6 	6 	3 	3 	3 	3 	3 	1 	1 	1 	1 	1 	1 	1 	1 	1 	1 	1 	1 	
6 	6 	6 	6 	6 	7 	4 	4 	2 	8 	3 	3 	3 	3 	1 	5 	5 	2 	5 	1 	1 	
7 	6 	6 	6 	6 	6 	6 	6 	6 	6 	6 	6 	6 	6 	6 	6 	6 	6 	6 	7 	7 	7 	7 	7 	7 	7 	7 	4 	4 	4 	4 	4 	4 	4 	4 	4 	4 	4 	4 	4 	4 	2 	2 	2 	2 	2 	2 	2 	8 	8 	8 	8 	8 	8 	8 	8 	3 	3 	3 	3 	3 	3 	3 	3 	3 	3 	3 	3 	3 	3 	3 	3 	3 	3 	3 	3 	3 	3 	3 	1 	1 	1 	1 	1 	1 	1 	1 	1 	5 	5 	5 	5 	5 	5 	2 	2 	2 	2 	2 	2 	2 	2 	2 	2 	2 	5 	5 	5 	5 	1 	1 	1 	1 	1 	1 	1 	1 	1 	
7 	6 	6 	7 	4 	4 	2 	8 	8 	3 	6 	3 	3 	1 	5 	5 	2 	8 	1 	1 	1 	
6 	6 	6 	7 	7 	6 	6 	6 	6 	6 	6 	6 	6 	6 	6 	6 	6 	6 	6 	6 	6 	6 	6 	6 	7 	7 	7 	7 	7 	7 	7 	4 	4 	4 	4 	4 	4 	4 	4 	4 	4 	4 	4 	2 	2 	2 	2 	2 	8 	8 	8 	8 	8 	8 	3 	3 	3 	3 	3 	3 	3 	3 	1 	1 	1 	1 	1 	1 	1 	1 	1 	1 	1 	5 	5 	5 	5 	5 	5 	5 	5 	5 	5 	5 	5 	5 	5 	5 	5 	5 	
7 	7 	7 	7 	7 	7 	7 	7 	6 	6 	6 	6 	6 	6 	6 	6 	6 	6 	7 	7 	7 	7 	7 	4 	4 	4 	4 	4 	4 	4 	4 	4 	2 	2 	2 	2 	8 	8 	8 	3 	3 	3 	3 	3 	3 	3 	3 	3 	3 	3 	3 	3 	3 	1 	1 	1 	1 	1 	1 	1 	1 	1 	5 	5 	5 	5 	5 	5 	5 	5 	5 	5 	5 	5 	5 	5 	
7 	7 	7 	7 	7 	7 	7 	6 	6 	6 	6 	6 	6 	6 	6 	6 	6 	6 	6 	7 	7 	7 	4 	4 	4 	4 	4 	4 	4 	2 	2 	8 	8 	8 	8 	3 	3 	3 	3 	3 	3 	3 	3 	3 	3 	1 	1 	1 	1 	1 	1 	1 	5 	5 	5 	5 	5 	5 	5 	5 	5 	5 	5 	5 	
7 	7 	7 	7 	7 	6 	6 	6 	6 	6 	6 	6 	6 	6 	6 	6 	6 	6 	6 	6 	6 	6 	7 	7 	7 	7 	4 	4 	4 	4 	4 	4 	4 	4 	2 	2 	2 	2 	8 	8 	8 	3 	3 	3 	3 	3 	3 	3 	3 	3 	3 	3 	1 	1 	1 	1 	1 	1 	5 	5 	5 	5 	5 	5 	2 	2 	2 	2 	2 	5 	5 	5 	5 	
7 	7 	7 	7 	7 	7 	7 	7 	6 	6 	6 	6 	6 	6 	6 	6 	7 	7 	7 	7 	7 	4 	4 	4 	4 	4 	4 	4 	4 	2 	2 	2 	2 	8 	8 	8 	3 	3 	3 	3 	3 	3 	3 	3 	3 	3 	3 	3 	1 	1 	1 	1 	1 	1 	1 	1 	1 	5 	5 	5 	5 	5 	5 	5 	5 	5 	1 	1 	1 	
7 	7 	7 	7 	7 	6 	6 	6 	6 	6 	6 	6 	6 	7 	7 	4 	4 	4 	4 	4 	4 	2 	2 	8 	8 	3 	3 	3 	3 	3 	3 	3 	3 	1 	1 	1 	1 	1 	1 	5 	5 	5 	5 	5 	5 	5 	5 	5 	
7 	7 	7 	7 	7 	6 	6 	6 	7 	7 	7 	4 	4 	4 	4 	2 	8 	8 	3 	3 	3 	3 	3 	3 	3 	1 	1 	1 	1 	5 	5 	5 	2 	5 	5 	1 	1 	
7 	7 	7 	7 	7 	7 	6 	6 	6 	6 	6 	6 	6 	7 	4 	4 	4 	4 	2 	2 	8 	8 	3 	3 	3 	3 	3 	1 	1 	1 	1 	5 	5 	5 	5 	5 	5 	5 	5 	
7 	7 	7 	7 	7 	7 	7 	7 	6 	6 	6 	6 	6 	6 	7 	7 	7 	4 	4 	4 	4 	4 	4 	4 	2 	2 	2 	8 	8 	3 	3 	3 	3 	3 	3 	3 	3 	3 	3 	1 	1 	1 	1 	1 	1 	1 	5 	5 	5 	5 	5 	5 	5 	5 	5 	5 	1 	
7 	7 	7 	7 	7 	6 	6 	6 	6 	6 	6 	6 	7 	7 	7 	7 	4 	4 	4 	4 	4 	2 	2 	8 	8 	3 	3 	3 	3 	3 	3 	3 	3 	3 	1 	1 	1 	1 	1 	5 	5 	5 	5 	2 	2 	2 	5 	5 	5 	
7 	7 	7 	7 	7 	7 	7 	7 	6 	6 	6 	6 	6 	6 	6 	7 	7 	7 	4 	4 	4 	4 	4 	2 	2 	2 	2 	2 	8 	8 	3 	3 	3 	3 	3 	3 	3 	3 	1 	1 	1 	1 	5 	5 	5 	5 	5 	5 	5 	1 	1 	1 	
7 	7 	7 	7 	7 	7 	7 	7 	7 	6 	6 	6 	6 	6 	6 	6 	6 	6 	6 	7 	7 	7 	7 	7 	4 	4 	4 	4 	4 	4 	4 	4 	4 	4 	4 	4 	2 	2 	2 	8 	8 	8 	8 	8 	8 	8 	3 	3 	3 	3 	3 	3 	3 	3 	1 	1 	1 	1 	1 	1 	1 	1 	1 	1 	1 	1 	5 	5 	5 	5 	5 	5 	5 	5 	5 	1 	1 	
7 	7 	7 	7 	7 	7 	6 	6 	6 	6 	6 	6 	7 	7 	7 	4 	4 	4 	4 	4 	4 	2 	2 	2 	2 	8 	8 	3 	3 	3 	3 	3 	3 	3 	3 	3 	1 	1 	1 	1 	1 	5 	5 	5 	5 	5 	5 	5 	5 	5 	
7 	7 	7 	7 	7 	7 	7 	7 	8 	8 	6 	6 	6 	6 	6 	6 	6 	6 	6 	6 	6 	6 	6 	6 	7 	7 	7 	7 	7 	7 	7 	7 	7 	4 	4 	4 	4 	4 	4 	4 	4 	4 	4 	4 	4 	4 	4 	2 	2 	2 	2 	2 	2 	2 	8 	8 	8 	8 	8 	3 	3 	3 	3 	3 	3 	3 	3 	3 	3 	3 	3 	3 	1 	1 	1 	1 	1 	1 	1 	1 	1 	1 	1 	5 	5 	5 	5 	5 	5 	5 	5 	5 	5 	5 	5 	1 	1 	1 	1 	1 	1 	
7 	7 	7 	7 	7 	7 	7 	6 	6 	6 	6 	6 	6 	6 	6 	6 	6 	7 	7 	7 	7 	7 	7 	7 	7 	7 	4 	4 	4 	4 	4 	4 	4 	4 	4 	4 	4 	4 	4 	4 	4 	4 	2 	2 	2 	2 	2 	2 	8 	8 	8 	8 	8 	8 	8 	8 	8 	8 	3 	3 	3 	3 	3 	3 	3 	3 	3 	3 	3 	3 	3 	3 	3 	1 	1 	1 	1 	1 	1 	1 	1 	1 	1 	1 	1 	1 	1 	5 	5 	5 	5 	5 	5 	5 	5 	5 	1 	1 	1 	1 	1 	1 	
7 	7 	6 	6 	6 	7 	7 	4 	4 	4 	2 	8 	3 	3 	3 	3 	3 	1 	1 	5 	5 	5 	2 	5 	1 	1 	
6 	6 	7 	7 	7 	7 	7 	7 	6 	6 	6 	6 	6 	6 	6 	6 	6 	6 	6 	6 	6 	6 	6 	6 	6 	6 	6 	6 	6 	6 	6 	6 	7 	7 	7 	7 	7 	7 	7 	7 	4 	4 	4 	4 	4 	4 	4 	4 	4 	4 	4 	4 	4 	4 	2 	2 	2 	2 	2 	2 	2 	2 	8 	8 	8 	8 	8 	8 	8 	8 	8 	8 	8 	3 	3 	3 	3 	3 	3 	3 	3 	1 	1 	1 	1 	1 	1 	1 	1 	1 	5 	5 	5 	5 	5 	5 	5 	5 	5 	5 	5 	1 	1 	1 	1 	1 	1 	1 	
7 	7 	7 	7 	7 	6 	6 	6 	6 	6 	6 	6 	6 	6 	6 	6 	6 	6 	6 	7 	7 	7 	7 	7 	7 	7 	7 	7 	7 	4 	4 	4 	4 	4 	4 	4 	4 	4 	4 	4 	4 	4 	4 	2 	2 	2 	2 	2 	8 	8 	8 	8 	8 	8 	8 	3 	3 	3 	3 	3 	3 	3 	3 	3 	3 	3 	3 	3 	3 	3 	1 	1 	1 	1 	1 	1 	1 	1 	1 	5 	5 	5 	5 	5 	5 	5 	5 	5 	5 	5 	1 	1 	1 	1 	1 	1 	1 	
7 	7 	7 	7 	6 	6 	6 	6 	6 	6 	6 	6 	6 	6 	6 	6 	6 	6 	6 	6 	6 	7 	7 	7 	7 	7 	7 	7 	7 	7 	4 	4 	4 	4 	4 	4 	4 	4 	4 	4 	4 	2 	2 	2 	2 	8 	8 	8 	8 	3 	3 	3 	3 	3 	3 	3 	3 	3 	3 	3 	1 	1 	1 	1 	1 	1 	5 	5 	5 	5 	5 	5 	5 	5 	1 	1 	1 	1 	1 	1 	1 	1 	
6 	6 	6 	6 	6 	6 	6 	6 	6 	7 	7 	7 	7 	7 	7 	7 	7 	7 	8 	8 	6 	6 	6 	6 	6 	6 	6 	6 	6 	6 	6 	6 	7 	7 	7 	7 	4 	4 	4 	4 	4 	4 	4 	4 	4 	4 	2 	2 	2 	2 	8 	8 	8 	8 	8 	3 	3 	3 	3 	3 	3 	3 	3 	3 	1 	1 	1 	1 	1 	1 	1 	1 	1 	5 	5 	5 	5 	5 	5 	5 	5 	5 	1 	1 	1 	1 	1 	1 	
7 	7 	7 	7 	7 	7 	6 	6 	6 	6 	6 	6 	6 	6 	6 	6 	6 	7 	7 	7 	4 	4 	4 	4 	4 	4 	4 	4 	4 	4 	2 	2 	8 	8 	8 	8 	3 	3 	3 	3 	3 	3 	3 	3 	3 	3 	3 	1 	1 	1 	1 	1 	1 	1 	1 	5 	5 	5 	5 	5 	5 	5 	1 	1 	1 	1 	1 	1 	
7 	7 	7 	7 	7 	7 	7 	6 	6 	6 	6 	6 	6 	6 	7 	7 	7 	7 	4 	4 	4 	4 	4 	4 	4 	4 	2 	2 	8 	8 	3 	3 	3 	3 	3 	3 	3 	3 	3 	3 	3 	3 	1 	1 	1 	1 	1 	1 	5 	5 	5 	5 	5 	5 	5 	5 	5 	5 	5 	1 	1 	1 	1 	
7 	7 	7 	7 	7 	7 	7 	6 	6 	6 	6 	6 	6 	6 	7 	7 	7 	7 	7 	4 	4 	4 	4 	4 	4 	4 	2 	2 	2 	8 	8 	3 	3 	3 	3 	3 	3 	3 	3 	3 	3 	3 	3 	3 	3 	3 	1 	1 	1 	1 	1 	5 	5 	5 	5 	5 	5 	5 	5 	5 	5 	5 	5 	1 	1 	
6 	6 	6 	6 	6 	6 	6 	6 	6 	6 	6 	6 	6 	7 	7 	4 	4 	4 	4 	2 	8 	8 	8 	3 	3 	3 	3 	3 	3 	1 	1 	5 	5 	5 	5 	5 	5 	5 	5 	1 	
7 	7 	7 	7 	7 	7 	7 	6 	6 	6 	6 	6 	6 	6 	6 	7 	7 	7 	4 	4 	4 	4 	4 	4 	4 	4 	2 	8 	8 	8 	3 	3 	3 	3 	3 	3 	3 	3 	3 	3 	3 	3 	1 	1 	1 	1 	1 	5 	5 	5 	5 	5 	5 	5 	5 	5 	5 	5 	1 	1 	
7 	7 	7 	7 	7 	7 	7 	7 	7 	6 	6 	6 	6 	6 	6 	6 	6 	6 	7 	7 	7 	7 	4 	4 	4 	4 	4 	4 	4 	4 	4 	2 	2 	2 	2 	8 	8 	3 	3 	3 	3 	3 	3 	3 	3 	3 	3 	3 	3 	3 	3 	3 	3 	3 	3 	1 	1 	1 	1 	1 	5 	5 	5 	5 	5 	5 	5 	5 	5 	5 	5 	5 	1 	1 	
7 	7 	7 	7 	7 	7 	7 	8 	8 	8 	6 	6 	6 	6 	6 	6 	6 	7 	7 	7 	7 	7 	4 	4 	4 	4 	4 	4 	4 	4 	4 	2 	2 	2 	8 	8 	8 	3 	3 	3 	3 	3 	3 	3 	3 	3 	3 	3 	1 	1 	1 	1 	1 	1 	1 	1 	5 	5 	5 	5 	5 	5 	5 	5 	1 	1 	
6 	6 	6 	6 	6 	6 	6 	6 	6 	6 	6 	6 	6 	3 	3 	3 	6 	6 	6 	6 	6 	6 	6 	6 	6 	7 	7 	7 	7 	7 	7 	4 	4 	4 	4 	4 	4 	4 	4 	4 	4 	4 	2 	2 	2 	2 	2 	2 	2 	2 	8 	8 	8 	8 	3 	3 	3 	3 	3 	3 	3 	3 	3 	3 	3 	1 	1 	1 	1 	1 	1 	1 	1 	5 	5 	5 	5 	5 	5 	5 	1 	1 	1 	
7 	7 	7 	7 	7 	7 	7 	7 	8 	8 	8 	8 	8 	6 	6 	7 	7 	7 	7 	7 	7 	7 	7 	7 	7 	4 	4 	4 	4 	4 	4 	4 	4 	4 	4 	2 	2 	2 	2 	2 	2 	2 	2 	2 	8 	8 	8 	3 	3 	3 	3 	3 	3 	3 	3 	3 	3 	3 	3 	1 	1 	1 	1 	1 	1 	1 	1 	1 	1 	1 	1 	1 	1 	1 	1 	1 	1 	1 	
6 	6 	6 	6 	6 	6 	6 	6 	6 	6 	6 	6 	6 	7 	7 	7 	7 	4 	4 	4 	4 	4 	4 	4 	4 	4 	2 	2 	2 	8 	8 	8 	8 	3 	3 	3 	3 	3 	3 	3 	3 	3 	1 	1 	1 	1 	1 	1 	5 	5 	5 	5 	5 	1 	1 	1 	
7 	6 	6 	6 	7 	7 	7 	7 	7 	7 	6 	6 	6 	6 	6 	6 	6 	6 	6 	6 	7 	7 	7 	7 	4 	4 	4 	4 	4 	4 	4 	4 	4 	4 	4 	2 	2 	2 	8 	8 	8 	3 	3 	3 	3 	3 	3 	3 	3 	3 	3 	3 	3 	3 	1 	1 	1 	1 	1 	1 	1 	1 	1 	5 	5 	5 	5 	5 	1 	1 	1 	1 	
7 	7 	6 	6 	6 	6 	6 	6 	6 	6 	6 	6 	6 	6 	6 	6 	6 	6 	6 	7 	7 	7 	4 	4 	4 	4 	4 	4 	4 	2 	2 	2 	8 	8 	3 	3 	3 	3 	3 	3 	3 	3 	1 	1 	1 	1 	1 	5 	5 	5 	5 	5 	5 	5 	5 	5 	1 	
7 	7 	7 	7 	7 	7 	7 	6 	6 	6 	7 	7 	7 	4 	4 	4 	4 	4 	2 	2 	8 	8 	3 	3 	3 	3 	3 	3 	3 	1 	1 	1 	1 	1 	5 	5 	5 	5 	1 	1 	1 	1 	
7 	7 	7 	7 	7 	7 	6 	6 	6 	6 	6 	7 	7 	7 	4 	4 	4 	4 	4 	4 	2 	2 	8 	8 	8 	3 	3 	3 	3 	3 	3 	3 	1 	1 	1 	1 	1 	5 	5 	5 	5 	5 	5 	1 	1 	
6 	6 	7 	7 	7 	7 	7 	7 	7 	6 	6 	6 	6 	6 	6 	6 	6 	6 	7 	7 	4 	4 	4 	4 	4 	4 	4 	4 	2 	2 	2 	8 	8 	3 	3 	3 	3 	3 	3 	1 	1 	1 	1 	1 	1 	5 	5 	5 	5 	5 	5 	5 	5 	1 	
7 	7 	7 	7 	7 	7 	6 	6 	6 	6 	6 	6 	6 	7 	7 	7 	4 	4 	4 	4 	4 	2 	2 	8 	8 	3 	3 	3 	3 	3 	3 	3 	1 	1 	1 	1 	5 	5 	5 	5 	5 	5 	5 	5 	1 	
7 	7 	7 	7 	7 	8 	6 	6 	6 	6 	6 	6 	6 	6 	6 	7 	7 	4 	4 	4 	4 	4 	4 	2 	2 	2 	8 	8 	3 	3 	3 	3 	3 	1 	1 	1 	1 	1 	1 	5 	5 	5 	5 	5 	5 	5 	5 	
7 	7 	7 	7 	7 	7 	7 	7 	8 	6 	6 	6 	6 	6 	6 	6 	7 	7 	4 	4 	4 	4 	4 	2 	2 	2 	8 	8 	8 	3 	3 	1 	1 	1 	1 	1 	1 	1 	5 	5 	5 	5 	5 	5 	5 	1 	
7 	7 	7 	7 	7 	6 	6 	6 	6 	6 	6 	6 	6 	7 	7 	4 	4 	4 	4 	4 	2 	2 	8 	8 	8 	3 	3 	3 	3 	3 	1 	1 	1 	5 	5 	5 	5 	5 	5 	5 	5 	
7 	7 	7 	7 	7 	6 	6 	6 	6 	6 	6 	7 	7 	7 	4 	4 	4 	4 	4 	2 	2 	2 	2 	8 	8 	8 	8 	3 	3 	3 	3 	1 	1 	1 	1 	1 	1 	5 	5 	5 	5 	5 	1 	1 	1 	
7 	7 	7 	7 	7 	7 	7 	7 	7 	6 	6 	6 	6 	6 	6 	6 	6 	7 	7 	4 	4 	4 	4 	4 	4 	4 	4 	2 	8 	8 	8 	8 	3 	3 	3 	3 	3 	3 	1 	1 	1 	1 	1 	1 	1 	5 	5 	5 	5 	5 	5 	1 	1 	1 	
7 	7 	7 	7 	6 	6 	6 	6 	7 	4 	4 	4 	4 	2 	8 	8 	3 	3 	3 	1 	1 	1 	5 	5 	5 	5 	5 	1 	
7 	7 	7 	7 	7 	6 	6 	6 	7 	7 	7 	4 	4 	4 	4 	2 	8 	8 	8 	3 	3 	3 	3 	3 	1 	1 	5 	5 	5 	5 	5 	1 	1 	1 	1 	
6 	6 	6 	6 	6 	6 	6 	6 	6 	6 	6 	6 	6 	6 	6 	6 	7 	7 	7 	7 	4 	4 	4 	4 	4 	4 	4 	4 	2 	2 	8 	8 	8 	8 	8 	3 	3 	3 	3 	3 	3 	1 	1 	1 	1 	1 	1 	1 	1 	1 	5 	5 	5 	5 	2 	2 	2 	2 	5 	5 	5 	5 	5 	5 	
7 	7 	7 	7 	6 	6 	6 	6 	6 	6 	6 	6 	6 	6 	6 	6 	6 	6 	7 	7 	7 	7 	7 	7 	7 	4 	4 	4 	4 	4 	4 	4 	4 	4 	4 	4 	4 	4 	4 	4 	4 	2 	2 	2 	8 	8 	8 	8 	8 	8 	8 	3 	3 	3 	3 	3 	3 	3 	3 	3 	3 	3 	3 	3 	3 	3 	3 	1 	1 	1 	1 	1 	1 	1 	1 	1 	1 	1 	1 	5 	5 	5 	5 	5 	5 	5 	5 	5 	5 	5 	5 	5 	5 	5 	5 	5 	5 	5 	1 	1 	1 	1 	1 	
6 	6 	6 	6 	6 	6 	6 	6 	6 	6 	6 	6 	6 	6 	7 	7 	4 	4 	4 	4 	4 	2 	2 	2 	2 	8 	8 	3 	3 	3 	3 	3 	3 	3 	3 	3 	3 	3 	1 	1 	5 	5 	5 	5 	5 	5 	5 	5 	5 	5 	1 	1 	1 	
7 	7 	7 	7 	7 	7 	7 	7 	7 	7 	8 	8 	8 	6 	6 	6 	6 	6 	6 	6 	6 	7 	7 	7 	7 	7 	7 	7 	7 	7 	7 	4 	4 	4 	4 	4 	4 	4 	4 	4 	4 	4 	4 	2 	2 	2 	2 	2 	8 	8 	8 	8 	8 	8 	3 	3 	3 	3 	3 	3 	3 	3 	3 	3 	1 	1 	1 	1 	1 	1 	1 	1 	1 	1 	1 	1 	1 	1 	1 	1 	1 	1 	1 	1 	1 	
7 	7 	7 	7 	6 	6 	6 	6 	6 	6 	6 	6 	6 	6 	6 	6 	6 	7 	7 	7 	7 	4 	4 	4 	4 	4 	4 	2 	2 	8 	8 	8 	8 	8 	3 	3 	3 	3 	3 	1 	1 	1 	1 	1 	1 	1 	5 	5 	5 	5 	2 	2 	2 	5 	5 	5 	
7 	7 	7 	7 	7 	7 	6 	6 	6 	6 	6 	6 	6 	6 	6 	6 	6 	6 	6 	6 	6 	6 	7 	7 	7 	7 	4 	4 	4 	4 	4 	4 	4 	4 	4 	4 	4 	2 	2 	2 	2 	8 	8 	8 	8 	3 	3 	3 	3 	3 	3 	3 	3 	3 	1 	1 	1 	1 	1 	1 	1 	1 	1 	5 	5 	5 	5 	5 	5 	5 	5 	5 	5 	5 	1 	1 	1 	
7 	7 	7 	7 	7 	7 	7 	7 	6 	6 	6 	6 	6 	6 	6 	6 	6 	7 	7 	7 	7 	7 	4 	4 	4 	4 	4 	4 	4 	4 	2 	2 	2 	8 	8 	8 	3 	3 	3 	3 	3 	3 	3 	3 	3 	3 	3 	1 	1 	1 	1 	1 	1 	1 	1 	1 	5 	5 	5 	5 	5 	5 	5 	5 	5 	5 	1 	1 	
7 	7 	7 	7 	7 	7 	7 	7 	6 	6 	6 	6 	6 	6 	6 	6 	7 	7 	7 	7 	7 	4 	4 	4 	4 	4 	4 	4 	4 	4 	2 	2 	2 	2 	8 	8 	8 	3 	3 	3 	3 	3 	3 	3 	3 	3 	3 	1 	1 	1 	1 	1 	1 	1 	1 	1 	5 	5 	5 	5 	5 	5 	5 	5 	5 	5 	1 	1 	1 	1 	
7 	7 	7 	7 	7 	6 	6 	6 	6 	6 	6 	6 	7 	7 	4 	4 	4 	4 	4 	4 	4 	2 	2 	8 	8 	3 	3 	3 	3 	3 	3 	3 	3 	1 	1 	1 	1 	1 	1 	5 	5 	5 	5 	5 	5 	5 	5 	5 	1 	1 	1 	
7 	7 	7 	7 	7 	6 	6 	6 	6 	6 	6 	7 	7 	7 	4 	4 	4 	4 	4 	4 	4 	4 	2 	8 	8 	8 	8 	3 	3 	3 	3 	3 	3 	3 	3 	1 	1 	1 	1 	1 	1 	1 	1 	5 	5 	5 	5 	5 	5 	5 	5 	1 	1 	1 	1 	
7 	7 	7 	7 	7 	7 	7 	6 	6 	6 	6 	6 	6 	6 	6 	6 	6 	6 	6 	6 	7 	7 	7 	7 	7 	4 	4 	4 	4 	4 	4 	4 	4 	4 	4 	4 	2 	2 	2 	8 	8 	8 	3 	3 	3 	3 	3 	3 	3 	3 	3 	1 	1 	1 	1 	1 	1 	1 	1 	1 	1 	5 	5 	5 	5 	5 	5 	5 	5 	5 	1 	1 	
7 	7 	7 	6 	6 	6 	6 	6 	6 	6 	6 	6 	7 	7 	7 	7 	4 	4 	4 	4 	4 	4 	4 	4 	4 	4 	2 	2 	8 	8 	8 	8 	3 	3 	3 	3 	3 	3 	3 	3 	3 	1 	1 	1 	1 	1 	1 	1 	1 	1 	1 	5 	5 	5 	5 	5 	5 	5 	5 	5 	1 	1 	1 	1 	
7 	7 	7 	7 	7 	7 	7 	7 	6 	6 	6 	6 	6 	6 	6 	6 	7 	7 	7 	7 	7 	4 	4 	4 	4 	4 	4 	4 	4 	4 	2 	2 	8 	8 	8 	3 	3 	3 	3 	3 	3 	3 	3 	3 	3 	1 	1 	1 	1 	1 	1 	1 	1 	1 	5 	5 	5 	5 	5 	5 	5 	5 	5 	5 	5 	1 	1 	1 	1 	
7 	7 	7 	7 	7 	7 	7 	6 	6 	6 	6 	6 	6 	6 	6 	6 	7 	7 	7 	7 	7 	4 	4 	4 	4 	4 	4 	4 	4 	2 	2 	2 	8 	8 	8 	3 	3 	3 	3 	3 	3 	3 	3 	3 	3 	1 	1 	1 	1 	1 	1 	1 	1 	1 	5 	5 	5 	5 	5 	5 	5 	5 	5 	1 	1 	1 	1 	
7 	7 	7 	7 	7 	7 	7 	6 	6 	6 	6 	6 	6 	6 	6 	6 	6 	7 	7 	7 	7 	4 	4 	4 	4 	4 	4 	4 	4 	4 	4 	2 	2 	8 	8 	8 	8 	3 	3 	3 	3 	3 	3 	3 	3 	3 	3 	3 	3 	1 	1 	1 	1 	1 	1 	1 	1 	5 	5 	5 	5 	5 	5 	5 	5 	5 	5 	5 	1 	1 	1 	1 	
7 	7 	7 	7 	7 	7 	7 	7 	6 	6 	6 	6 	6 	6 	6 	6 	6 	6 	6 	6 	7 	7 	7 	7 	4 	4 	4 	4 	4 	4 	4 	4 	4 	4 	2 	2 	2 	2 	2 	8 	8 	3 	3 	3 	3 	3 	3 	3 	3 	3 	3 	3 	1 	1 	1 	1 	1 	1 	1 	1 	1 	5 	5 	5 	5 	5 	5 	5 	5 	5 	5 	5 	5 	1 	1 	1 	1 	
7 	7 	7 	7 	7 	7 	7 	6 	6 	6 	6 	6 	6 	6 	7 	7 	7 	7 	4 	4 	4 	4 	4 	4 	4 	4 	2 	2 	8 	8 	8 	3 	3 	3 	3 	3 	3 	3 	3 	1 	1 	1 	1 	1 	1 	1 	5 	5 	5 	5 	5 	5 	5 	5 	5 	5 	1 	1 	1 	1 	
